2978
2979
2980
2981
2982
2983
2984
2985
2986
2987
2988
2989
2990
2991
2992
2993
2994
2995
2996
2997
2998
2999
3000
3001
3002
3003
3004
3005
3006
3007
3008
3009
3010
3011
3012
3013
3014
3015
3016
3017
3018
3019
3020
3021
3022
3023
3024
3025
3026
3027
3028
3029
3030
3031
3032
3033
3034
3035
3036
3037
3038
3039
3040
3041
3042
3043
3044
3045
3046
3047
3048
3049
3050
3051
3052
3053
3054
3055
3056
3057
3058
3059
3060
3061
3062
3063
3064
3065
3066
3067
3068
3069
3070
3071
3072
3073
3074
3075
3076
3077
3078
3079
3080
3081
3082
3083
3084
3085
3086
3087
3088
3089
3090
3091
3092
3093
3094
3095
3096
3097
3098
3099
3100
3101
3102
3103
3104
3105
3106
3107
3108
3109
3110
3111
3112
3113
3114
3115
3116
3117
3118
3119
3120
3121
3122
3123
3124
3125
3126
3127
3128
3129
3130
3131
3132
3133
3134
3135
3136
3137
3138
3139
3140
3141
3142
3143
3144
3145
3146
3147
3148
3149
3150
3151
3152
3153
3154
3155
3156
3157
3158
3159
3160
3161
3162
3163
3164
3165
3166
3167
3168
3169
3170
3171
3172
3173
3571
3572
3573
3574
3575
3576
3577
3578
3579
3580
3581
3582
3583
3584
3585
3586
3617
3618
3619
3626
3627
3628
3635
3636
3637
3644
3645
3646
3653
3654
3655
3662
3663
3664
3671
3672
3673
3680
3681
3682
3692
3693
3694
3704
3705
3706
3716
3717
3718
3728
3729
3730
3740
3741
3742
3752
3753
3754
3764
3765
3766
3773
3774
3775
3788
3789
3790
3800
3801
3802
3812
3813
3814
3824
3825
3826
3836
3837
3838
3848
3849
3850
3860
3861
3862
3872
3873
3874
3881
3885
3889
3893
3897
3901
3905
3909
3913
3917
3921
3925
3934
3938
3942
3946
3950
3954
3958
3962
3966
3970
3974
3978
4283
4284
4285
4286
4287
4288
4295
4297
4298
4299
4300
4301
4308
4309
4310
4311
4312
4313
4320
4321
4322
4323
4324
4325
4332
4333
4334
4335
4336
4337
4344
4345
4346
4347
4348
4349
4356
4357
4358
4359
4360
4361
4368
4369
4370
4371
4372
4373
4380
4381
4382
4383
4384
4385
4392
4393
4394
4395
4396
4397
4404
4405
4406
4407
4408
4409
4416
4417
4418
4419
4420
4421
4805
4806
4807
4808
4809
4810
4811
4812
4813
4814
4815
4816
4817
4818
4833
4834
4835
4836
4837
4838
4839
4840
4841
4842
4843
4844
4845
4846
4861
4862
4863
4864
4865
4866
4867
4868
4869
4870
4871
4872
4873
4874
4889
4890
4891
4892
4893
4894
4895
4896
4897
4898
4899
4900
4901
4902
4905
4906
4907
4908
4911
4912
4913
4914
4917
4918
4919
4920
4923
4924
4925
4926
4941
4942
4943
4944
4945
4946
4947
4948
4949
4950
4951
4952
4953
4954
4969
4970
4971
4972
4973
4974
4975
4976
4977
4978
4979
4980
4981
4982
4997
4998
4999
5000
5001
5002
5003
5004
5005
5006
5007
5008
5009
5010
5025
5026
5027
5028
5029
5030
5031
5032
5033
5034
5035
5036
5037
5038
5053
5054
5055
5056
5057
5058
5059
5060
5061
5062
5063
5064
5065
5066
5081
5082
5083
5087
5088
5089
5090
5091
5092
5093
5094
5095
5096
5097
5112
5113
5114
5115
5116
5117
5118
5119
5120
5121
5122
5123
5124
5125
5140
5141
5142
5143
5144
5145
5146
5147
5148
5149
5150
5151
5152
5153
5168
5169
5170
5171
5172
5173
5174
5175
5176
5177
5178
5179
5180
5181
5196
5197
5198
5199
5200
5201
5202
5203
5204
5205
5206
5207
5208
5209
5224
5225
5226
5227
5228
5229
5230
5231
5232
5233
5234
5235
5236
5237
5252
5253
5254
5255
5256
5257
5258
5259
5260
5261
5262
5263
5264
5265
5268
5269
5270
5271
5274
5275
5276
5277
5280
5281
5282
5283
5286
5287
5288
5289
5304
5305
5306
5307
5308
5309
5310
5311
5312
5313
5314
5315
5316
5317
5332
5333
5334
5335
5336
5337
5338
5339
5340
5341
5342
5343
5344
5345
5360
5361
5362
5363
5364
5365
5366
5367
5368
5369
5370
5371
5372
5373
5388
5389
5390
5391
5392
5393
5394
5395
5396
5397
5398
5399
5400
5401
5416
5417
5418
5419
5420
5421
5422
5423
5424
5425
5426
5427
5428
5429
5444
5445
5446
5447
5448
5449
5450
5451
5452
5453
5454
5455
5456
5457
5472
5473
5474
5475
5476
5477
5478
5479
5480
5481
5482
5483
5484
5485
5500
5501
5502
5503
5504
5505
5506
5507
5508
5509
5510
5511
5512
5513
5559
5560
5561
5563
5564
5565
5567
5568
5569
5571
5572
5573
6513
6514
6515
6516
6517
6518
6519
6520
6521
6522
6523
6524
6525
6526
6527
6528
6529
6530
6531
6532
6533
6534
6535
6536
6537
6538
6539
6540
6541
8238
8239
8240
8241
8242
8243
8244
8245
8246
8247
8248
8249
8250
8251
8266
8267
8268
8269
8270
8271
8272
8273
8274
8275
8276
8277
8278
8279
8294
8295
8296
8297
8298
8299
8300
8301
8302
8303
8304
8305
8306
8307
8322
8323
8324
8325
8326
8327
8328
8329
8330
8331
8332
8333
8334
8335
8350
8351
8352
8353
8354
8355
8356
8357
8358
8359
8360
8361
8362
8363
8378
8379
8380
8381
8382
8383
8384
8385
8386
8387
8388
8389
8390
8391
8406
8407
8408
8409
8410
8411
8412
8413
8414
8415
8416
8417
8418
8419
8434
8435
8436
8437
8438
8439
8440
8441
8442
8443
8444
8445
8446
8447
8463
8464
8465
8466
8467
8468
8469
8470
8471
8472
8473
8474
8475
8476
8497
8498
8499
8500
8501
8502
8503
8504
8505
8506
8507
8508
8510
8512
8531
8540
8542
8543
8545
8548
8549
8551
8553
8555
8557
8559
8561
8562
8580
8581
8582
8583
8584
8585
8586
8587
8588
8589
8590
8591
8592
8593
8608
8609
8610
8611
8612
8613
8614
8615
8616
8617
8618
8619
8620
8621
8636
8637
8638
8639
8640
8641
8642
8643
8644
8645
8646
8647
8648
8649
8664
8665
8666
8667
8668
8669
8670
8671
8672
8673
8674
8675
8676
8677
8692
8693
8694
8695
8696
8697
8698
8699
8700
8701
8702
8703
8704
8705
8708
8709
8710
8711
8714
8715
8716
8717
8720
8721
8722
8723
8726
8727
8728
8729
8732
8733
8734
8735
8738
8739
8740
8741
8744
8745
8746
8747
8750
8751
8752
8753
8756
8757
8758
8759
8762
8763
8764
8765
8768
8769
8770
8771
8774
8775
8776
8777
8780
8781
8782
8783
8786
8787
8788
8789
8792
8793
8794
8795
8798
8799
8800
8801
8816
8817
8818
8819
8820
8821
8822
8823
8824
8825
8826
8827
8828
8829
8844
8845
8846
8847
8848
8849
8850
8851
8852
8853
8854
8855
8856
8857
8872
8873
8874
8875
8876
8877
8878
8879
8880
8881
8882
8883
8884
8885
8900
8901
8902
8903
8904
8905
8906
8907
8908
8909
8910
8911
8912
8913
8928
8929
8930
8931
8932
8933
8934
8935
8936
8937
8938
8939
8940
8941
8956
8957
8958
8959
8960
8961
8962
8963
8964
8965
8966
8967
8968
8969
8984
8985
8986
8987
8988
8989
8990
8991
8992
8993
8994
8995
8996
8997
9012
9013
9014
9015
9016
9017
9018
9019
9020
9021
9022
9023
9024
9025
9040
9041
9042
9043
9044
9045
9046
9047
9048
9049
9050
9051
9052
9053
9068
9069
9070
9071
9072
9073
9074
9075
9076
9077
9078
9079
9080
9081
9096
9097
9098
9099
9100
9101
9102
9103
9104
9105
9106
9107
9108
9109
9124
9125
9126
9127
9128
9129
9130
9131
9132
9133
9134
9135
9136
9137
9152
9153
9154
9155
9156
9157
9158
9159
9160
9161
9162
9163
9164
9165
9180
9181
9182
9183
9184
9185
9186
9187
9188
9189
9190
9191
9192
9193
9208
9209
9210
9211
9212
9213
9214
9215
9216
9217
9218
9219
9220
9221
9236
9237
9238
9239
9240
9241
9242
9243
9244
9245
9246
9247
9248
9249
9264
9265
9266
9267
9268
9269
9270
9271
9272
9273
9274
9275
9276
9277
9292
9293
9294
9295
9296
9297
9298
9299
9300
9301
9302
9303
9304
9305
9320
9321
9322
9323
9324
9325
9326
9327
9328
9329
9330
9331
9332
9333
9348
9349
9350
9351
9352
9353
9354
9355
9356
9357
9358
9359
9360
9361
9376
9377
9378
9379
9380
9381
9382
9383
9384
9385
9386
9387
9388
9389
9404
9405
9406
9407
9408
9409
9410
9411
9412
9413
9414
9415
9416
9417
9432
9433
9434
9435
9436
9437
9438
9439
9440
9441
9442
9443
9444
9445
9460
9461
9462
9463
9464
9465
9466
9467
9468
9469
9470
9471
9472
9473
9488
9489
9490
9491
9492
9493
9494
9495
9496
9497
9498
9499
9500
9501
9516
9517
9518
9519
9520
9521
9522
9523
9524
9525
9526
9527
9528
9529
9544
9545
9546
9547
9548
9549
9550
9551
9552
9553
9554
9555
9556
9557
9572
9573
9574
9575
9576
9577
9578
9579
9580
9581
9582
9583
9584
9585
9600
9601
9602
9603
9604
9605
9606
9607
9608
9609
9610
9611
9612
9613
9628
9629
9630
9631
9632
9633
9634
9635
9636
9637
9638
9639
9640
9641
9656
9657
9658
9659
9660
9661
9662
9663
9664
9665
9666
9667
9668
9669
9684
9685
9686
9687
9688
9689
9690
9691
9692
9693
9694
9695
9696
9697
11099
11100
11101
11102
11103
11104
11105
11106
11107
11108
11109
11110
11111
11112
11113
11114
11115
11116
11117
11118
11119
11120
11121
11122
11123
11124
11125
11126
13701
13702
13703
13704
13705
13706
13707
13708
13709
13710
13711
13712
13713
13714
13715
13716
13717
13718
13719
13720
13721
13722
13723
13724
13725
13726
13727
13728
14375
14376
14377
14378
14379
14380
14381
14382
14383
14384
14385
14386
14387
14388
14389
14390
14391
14392
14393
14394
14395
14396
14397
14398
14399
14400
14401
14402
14403
14404
14405
14406
14407
14408
14409
14410
14411
14412
14413
14414
14415
14416
14417
14418
14419
14420
14421
14422
14423
14424
14425
14426
14427
14428
14429
14430
14431
14432
14516
14517
14518
14519
14520
14521
14522
14523
14524
14525
14526
14527
14528
14529
14530
14531
14532
14533
14534
14535
14536
14537
14538
14539
14540
14541
14542
14543
14544
14545
14546
14547
14548
14549
14550
14551
14552
14553
14554
14555
14556
14557
14558
14559
14560
14561
14562
14563
14564
14565
14566
14567
14568
14569
14570
14571
14572
14573
14619
14620
14621
14622
14623
14624
14625
14626
14627
14628
14629
14630
14631
14632
14633
14634
14635
14636
14637
14638
14639
14640
14641
14642
14643
14644
14645
14646
14647
14648
14649
14650
14651
14652
14653
14654
14655
14656
14657
14658
14748
14749
14750
14751
14752
14753
14754
14755
14756
14757
14758
14759
14760
14761
14762
14763
14764
14765
14766
14767
14768
14769
14770
14771
14772
14773
14774
14775
14776
14777
14778
14779
14780
14781
14782
14783
14784
14785
14786
14787
14788
14789
14790
14791
14792
14793
14794
14795
14796
14797
14798
14799
14800
14801
14802
14803
14804
14805
14889
14890
14891
14892
14893
14894
14895
14896
14897
14898
14899
14900
14901
14902
14903
14904
14905
14906
14907
14908
14909
14910
14911
14912
14913
14914
14915
14916
14917
14918
14919
14920
14921
14922
14923
14924
14925
14926
14927
14928
14929
14930
14931
14932
14933
14934
14935
14936
14937
14938
14939
14940
14941
14942
14943
14944
14945
14946
15030
15031
15032
15033
15034
15035
15036
15037
15038
15039
15040
15041
15042
15043
15044
15045
15046
15047
15048
15049
15050
15051
15052
15053
15054
15055
15056
15057
15058
15059
15060
15061
15062
15063
15064
15065
15066
15067
15068
15069
15070
15071
15072
15073
15074
15075
15076
15077
15078
15079
15080
15081
15082
15083
15084
15085
15086
15087
15171
15172
15173
15174
15175
15176
15177
15178
15179
15180
15181
15182
15183
15184
15185
15186
15187
15188
15189
15190
15191
15192
15193
15194
15195
15196
15197
15198
15199
15200
15201
15202
15203
15204
15205
15206
15207
15208
15209
15210
15211
15212
15213
15214
15215
15216
15217
15218
15219
15220
15221
15222
15223
15224
15225
15226
15227
15228
15733
15734
15735
15736
15737
15738
15739
15740
15741
15742
15743
15744
15745
15746
15747
15748
15749
15750
15751
15752
15753
15754
15755
15756
15757
15758
15759
15760
15761
15762
15763
15764
15765
15766
15767
15768
15769
15770
15771
15772
15773
15774
15783
15784
15785
15786
19448
19450
19451
19452
19453
19456
19457
19458
19459
19460
19461
19462
19463
19464
19465
19466
19467
19468
19469
19470
19471
19472
19473
19474
19475
19476
19477
19478
19479
19480
19481
19482
19483
19484
19485
19720
19721
19722
19723
19724
19725
19726
19727
19728
19729
19730
19731
19732
19733
19734
19735
19736
19737
19738
19739
19740
19741
19742
19743
19744
19745
19746
19747
19748
19749
19750
19751
19752
19753
19754
19755
19756
19757
19758
19759
19760
19761
19762
19763
19764
19765
19766
19767
19768
19769
19770
19771
19772
19773
19774
19775
19776
19777
19778
19779
19780
19781
19782
19783
19784
19785
19786
19787
19788
19789
19790
19791
19792
19793
19794
19795
19796
19797
19798
19799
19800
19801
19802
19803
19804
19805
19806
19807
19808
19809
19810
19811
19812
19813
19814
19815
19816
19817
19818
19819
19820
19821
19822
19823
19824
19825
19826
19827
19828
19829
19830
19831
19832
19833
19834
19835
19836
19837
19838
19839
19840
19841
19842
19843
19844
19845
19846
19847
19848
19849
19850
19851
19852
19853
19854
19855
19856
19857
19858
19859
19860
19861
19862
19863
19864
19865
19866
19867
19868
19869
19870
19871
19872
19873
19874
19875
19876
19877
19878
19879
19880
19881
19882
19883
19884
19885
19886
19887
19888
19889
19890
19891
19892
19893
19894
19895
19896
19897
19898
19899
19900
19901
19902
19903
19904
19905
19906
19907
19908
19909
19910
19911
19912
19913
19914
19915
19916
19917
19918
19919
19920
19921
19922
19923
19924
19925
19926
19927
19928
19929
20197
20198
20199
20200
20201
20202
20203
20204
20205
20206
20207
20208
20209
20210
20211
20212
20213
20214
20215
20216
20217
20218
20219
20220
20221
20222
20223
20224
20225
20226
20227
20228
20229
20230
20231
20232
20233
20234
20235
20236
20237
20238
20239
20240
20241
20242
20243
20244
20245
20246
20247
20248
20249
20250
20251
20252
20253
20254
20255
20256
20257
20258
20261
20263
20264
20265
20271
20272
20273
20274
20598
20599
20600
20601
20602
20603
20604
20605
20606
20607
20608
20609
20610
20611
20612
20613
20614
20615
20616
20617
20618
20619
20620
20621
20622
20623
20624
20625
20626
20627
20628
20629
20630
20631
20632
20633
20634
20635
20636
20637
20638
20639
20640
20641
20642
20643
20644
20645
20646
20647
20648
20649
20650
20651
20652
20653
20654
20655
20656
20657
20658
20659
20660
20661
20662
20663
20664
20665
20666
20667
20668
20669
20670
20671
20672
20673
20674
20675
20676
20677
20678
20679
20680
20681
20682
20683
20684
20685
20686
20687
20688
20689
20690
20691
20692
20693
20694
20695
20696
20697
20698
20699
20700
20701
20702
20703
20704
20705
20706
20707
20708
20709
20710
20711
20712
20713
20714
20715
20716
20717
20718
20719
20720
20721
20722
20723
20724
20725
20726
20727
20728
20729
20730
20731
20732
20733
20734
20735
20736
20737
20738
20739
20740
20741
20742
20743
20744
20745
20746
20747
20748
20749
20750
20751
20752
20753
20754
20755
20756
20757
20758
20759
20760
20761
20762
20763
20764
20765
20766
20767
20768
20769
20770
20771
20772
20773
20774
20775
20776
20777
20778
20779
20780
20781
20782
20783
20784
20785
20786
20787
20788
20789
20790
20791
20792
20793
20794
20795
20796
20797
20798
20799
20800
20801
20802
20803
20804
20805
20806
20807
20808
20809
20810
20811
20812
20813
20814
20815
20816
20817
20818
20819
20820
20821
20822
20823
20824
20825
20826
20827
20828
20829
20830
20831
20832
20833
20834
20835
20836
20837
20838
20839
20840
20841
20842
20843
20844
20845
20846
20847
20848
20849
20850
20851
20852
20853
20854
20855
20856
20857
20858
20859
20860
20861
20862
20863
20864
20865
20866
20867
20868
20869
20870
20871
20872
20873
20874
20875
20876
20877
20878
20879
20880
20881
20882
20883
20884
20885
20886
20887
20888
20889
20890
20891
20892
20893
20894
20895
20896
20897
20898
20899
20900
20901
20902
20903
20904
20905
20906
20907
20908
20909
20910
20911
20912
20913
20914
20915
20916
20917
20918
20919
20920
20921
20922
20923
20924
20925
20926
20927
20928
20929
20930
20931
20932
20933
20934
20935
20936
20937
20938
20939
20940
20941
20942
20943
20944
20945
20946
20947
20948
20949
20950
20951
20952
20953
20954
20955
20956
20957
20958
20959
20960
20961
20962
20963
20964
20965
20966
20967
20968
20969
20970
20971
20972
20973
20974
20975
20976
20977
20978
20979
20980
20981
20982
20983
20984
20985
20986
20987
20988
20989
20990
20991
20992
20993
20994
20995
20996
20997
20998
20999
21000
21001
21002
21003
21004
21005
21006
21007
21008
21009
21010
21011
21012
21013
21014
21015
21016
21017
21619
21620
21621
21622
21623
21624
21625
21626
21627
21628
21629
21630
21631
21632
21633
21634
21635
21636
21637
21638
21639
21640
21641
21642
21643
21645
21646
21647
21648
21649
21650
21651
21652
21653
21654
23433
23434
23435
23436
23437
23438
23439
23440
23441
23442
23443
23444
23445
23446
23447
23448
23449
23450
23451
23452
23453
23454
23455
23456
23457
23458
23459
23460
23461
23462
23463
23464
23465
23466
23467
23468
23469
23470
23471
23472
23473
23474
23475
23476
23477
23478
23479
23480
23481
23482
23483
23484
23485
23486
23487
23488
23489
23490
23491
23492
23493
23494
23495
23496
23497
23498
23499
23500
23501
23502
23503
23504
23505
23506
23507
23508
23509
23510
23511
23512
23513
23514
23515
23516
23517
23518
23519
23520
23521
23522
23523
23524
23525
23526
23527
23528
23529
23530
23531
23532
23533
23534
23535
23536
23537
23538
23539
23540
23541
23542
23543
23544
23545
23546
23547
23548
23549
23550
23551
23552
23553
23554
23555
23556
23557
23558
23559
23560
23561
23562
23563
23564
23565
23566
23567
23568
23569
23570
23571
23572
23573
23574
23575
23576
23577
23578
23579
23580
23581
23582
23583
23584
23585
23586
23587
23588
23589
23590
23591
23592
23593
23594
23595
23596
23597
23598
23599
23600
23601
23602
23603
23604
23605
23606
23607
23608
23609
23610
23611
23612
23613
23614
23615
23616
23617
23618
23619
23620
23621
23622
23623
23624
23625
23626
23627
23628
23629
23630
23631
23632
23633
23634
23635
23636
23637
23638
23639
23640
23641
23642
23643
23644
23645
23646
23647
23648
23649
23650
23651
23652
23653
23654
23655
23656
23657
23658
23659
23660
23661
23662
23663
23664
23665
23666
23667
23668
23669
23670
23671
23672
24818
24819
24820
24821
24822
24823
24824
24825
24826
24827
24828
24829
24832
24833
24835
24836
24837
24838
24839
24840
24841
24842
24843
24844
24845
24846
24847
24848
24849
24850
24851
24852
24853
24854
24855
24856
24857
24858
24859
24860
24861
24862
24863
24864
24865
24866
24867
24868
24869
24870
24871
24872
24873
24874
24875
24876
24877
24878
24879
24880
25954
26026
26027
26028
26029
26030
26031
26032
26033
26034
26035
26036
26037
26038
26039
26040
26041
26042
26043
26044
26045
26046
26047
26048
26049
26050
26051
26052
26053
26054
26055
26056
26057
26058
26059
26060
26061
26062
26063
26064
26065
26066
26067
26068
26069
26070
26071
26072
26073
26074
26075
26076
26077
26078
26079
26080
26081
26082
26083
26084
26085
26086
26087
26088
26089
26090
26091
26092
26093
26094
26095
26096
26097
26098
26099
26100
26101
26102
26103
26104
26105
26106
26107
26108
26109
26110
26111
26112
26113
26114
26121
26193
26194
26195
26196
26197
26198
26199
26200
26201
26202
26203
26204
26205
26206
26207
26208
26209
26210
26211
26212
26213
26214
26215
26216
26217
26218
26219
26220
26221
26222
26223
26224
26225
26226
26227
26228
26229
26230
26231
26232
26233
26234
26235
26236
26237
26238
26239
26240
26241
26242
26243
26244
26245
26246
26247
26248
26249
26250
26251
26252
26253
26254
26255
26256
26257
26258
26259
26260
26261
26262
26263
26264
26265
26266
26267
26268
26269
26270
26271
26272
26273
26274
26275
26276
26277
26278
26279
26280
26281
26288
26322
26323
26324
26325
26326
26327
26337
26338
26339
26340
26341
26342
26343
26344
26345
26346
26347
26348
26349
26350
26351
26352
26353
26354
26355
26356
26357
26358
26359
26360
26361
26362
26363
26364
26365
26366
26367
26368
26369
26370
26371
26372
26373
26374
26375
26378
26379
26380
26381
26389
26390
26391
26392
26393
26394
26395
26396
26397
26398
26399
26400
26401
26408
26480
26481
26482
26483
26484
26485
26486
26487
26488
26489
26490
26491
26492
26493
26494
26495
26496
26497
26498
26499
26500
26501
26502
26503
26504
26505
26506
26507
26508
26509
26510
26511
26512
26513
26514
26515
26516
26517
26518
26519
26520
26521
26522
26523
26524
26525
26526
26527
26528
26529
26530
26531
26532
26533
26534
26535
26536
26537
26538
26539
26540
26541
26542
26543
26544
26545
26546
26547
26548
26549
26550
26551
26552
26553
26554
26555
26556
26557
26558
26559
26560
26561
26562
26563
26564
26565
26566
26567
26568
26575
26647
26648
26649
26650
26651
26652
26653
26654
26655
26656
26657
26658
26659
26660
26661
26662
26663
26664
26665
26666
26667
26668
26669
26670
26671
26672
26673
26674
26675
26676
26677
26678
26679
26680
26681
26682
26683
26684
26685
26686
26687
26688
26689
26690
26691
26692
26693
26694
26695
26696
26697
26698
26699
26700
26701
26702
26703
26704
26705
26706
26707
26708
26709
26710
26711
26712
26713
26714
26715
26716
26717
26718
26719
26720
26721
26722
26723
26724
26725
26726
26727
26728
26729
26730
26731
26732
26733
26734
26735
26742
26814
26815
26816
26817
26818
26819
26826
26827
26828
26829
26830
26831
26832
26833
26834
26835
26836
26837
26838
26839
26840
26841
26842
26843
26844
26845
26846
26847
26848
26849
26850
26851
26852
26853
26854
26855
26856
26857
26858
26859
26860
26861
26862
26863
26864
26865
26866
26867
26868
26869
26870
26871
26872
26873
26874
26875
26876
26877
26878
26879
26880
26881
26882
26883
26884
26885
26886
26887
26888
26889
26890
26891
26892
26893
26894
26895
26896
26897
26898
26899
26900
26901
26902
26903
26904
26905
26906
26907
26908
26915
26987
26988
26989
26990
26991
26992
26993
26994
26995
26996
26997
26998
26999
27000
27001
27002
27003
27004
27005
27006
27007
27008
27009
27010
27011
27012
27013
27014
27015
27016
27017
27018
27019
27020
27021
27022
27023
27024
27025
27026
27027
27028
27029
27030
27031
27032
27033
27034
27035
27036
27037
27038
27039
27040
27041
27042
27043
27044
27045
27046
27047
27048
27049
27050
27051
27052
27053
27054
27055
27056
27057
27058
27059
27060
27061
27062
27063
27064
27065
27066
27067
27068
27069
27070
27071
27072
27073
27074
27075
27087
27160
27162
27163
27164
27166
27167
27169
27170
27171
27172
27173
27175
27177
27178
27179
27180
27181
27182
27184
27185
27186
27187
27188
27189
27190
27193
27200
27201
27202
27203
27204
27205
27206
27207
27208
27209
27210
27211
27212
27213
27214
27215
27216
27217
27218
27219
27220
27221
27222
27223
27224
27225
27226
27227
27228
27229
27230
27231
27232
27233
27234
27235
27236
27237
27238
27239
27240
27241
27242
27243
27244
27245
27246
27247
27248
27249
27250
27251
27252
27253
27254
27255
27256
27257
27258
27259
27260
27271
27352
27353
27354
27355
27356
27357
27358
27359
27360
27361
27362
27363
27364
27365
27366
27367
27368
27369
27370
27371
27372
27373
27374
27375
27376
27377
27378
27379
27380
27381
27382
27383
27384
27385
27386
27387
27388
27389
27390
27391
27392
27393
27394
27395
27396
27397
27398
27399
27400
27401
27402
27403
27404
27405
27406
27407
27408
27409
27410
27411
27412
27413
27414
27415
27416
27417
27418
27419
27420
27421
27422
27423
27424
27425
27426
27427
27428
27429
27430
27431
27432
27433
27434
27435
27436
27437
27438
27439
27440
27448
27597
27598
27599
27605
27607
27608
27618
27619
27620
27621
27622
27623
27624
27625
27626
27627
27628
27629
27630
27631
27632
27633
27634
27635
27636
27637
27638
27639
27640
27641
27642
27643
27644
27645
27646
27647
27648
27649
27650
27651
27652
27653
27654
27655
27656
27659
27660
27661
27662
27670
27671
27672
27673
27674
27675
27676
27677
27678
27679
27680
27681
27682
27689
27761
27762
27763
27764
27765
27766
27767
27768
27769
27770
27771
27772
27773
27774
27775
27776
27777
27778
27779
27780
27781
27782
27783
27784
27785
27786
27787
27788
27789
27790
27791
27792
27793
27794
27795
27796
27797
27798
27799
27800
27801
27802
27803
27804
27805
27806
27807
27808
27809
27810
27811
27812
27813
27814
27815
27816
27817
27818
27819
27820
27821
27822
27823
27824
27825
27826
27827
27828
27829
27830
27831
27832
27833
27834
27835
27836
27837
27838
27840
27841
27842
27843
27844
27845
27846
27847
27848
27849
27850
27857
27932
27933
27934
27935
27936
27937
27938
27939
27940
27941
27942
27943
27944
27945
27946
27947
27948
27949
27950
27951
27952
27953
27954
27955
27956
27957
27958
27959
27960
27961
27962
27963
27964
27965
27966
27967
27968
27969
27970
27971
27972
27973
27974
27975
27976
27977
27978
27979
27980
27981
27982
27983
27984
27985
27986
27987
27988
27989
27990
27991
27992
27993
27994
27995
27996
27997
27998
27999
28000
28001
28002
28003
28004
28005
28006
28007
28008
28009
28010
28011
28012
28013
28014
28015
28016
28017
28018
28019
28020
28027
28099
28100
28101
28102
28103
28104
28111
28112
28113
28114
28115
28116
28117
28118
28119
28120
28121
28122
28123
28124
28125
28126
28127
28128
28129
28130
28131
28132
28133
28134
28135
28136
28137
28138
28139
28140
28141
28142
28143
28144
28145
28146
28147
28148
28149
28150
28151
28152
28153
28154
28155
28156
28157
28158
28159
28160
28161
28162
28163
28164
28165
28166
28167
28168
28169
28170
28171
28172
28173
28174
28175
28176
28177
28178
28179
28180
28181
28182
28183
28184
28185
28186
28187
28188
28189
28190
28191
28192
28193
28200
28272
28273
28274
28275
28276
28277
28278
28279
28280
28281
28282
28283
28284
28285
28286
28287
28288
28289
28290
28291
28292
28293
28294
28295
28296
28297
28298
28299
28300
28301
28302
28303
28304
28305
28306
28307
28308
28309
28310
28311
28312
28313
28314
28315
28316
28317
28318
28319
28320
28321
28322
28323
28324
28325
28326
28327
28328
28329
28330
28331
28332
28333
28334
28335
28336
28337
28338
28339
28340
28341
28342
28343
28344
28345
28346
28347
28348
28349
28350
28351
28352
28353
28354
28355
28356
28357
28358
28359
28360
30165
30166
31386
31387
31388
31389
31390
31391
31392
31393
31394
31395
31396
31397
31398
31399
31400
31401
31402
31403
31404
31405
31406
31407
31408
31409
31410
31411
32527
32528
32529
32530
32531
32533
32534
32535
32536
32537
32538
32539
32540
32541
32542
32543
32544
32545
32546
32547
32548
32549
32550
32551
32552
32553
32554
32555
35249
35250
35251
35252
35253
35254
35255
35256
35257
35258
35259
35260
35261
35262
35263
35264
35265
35266
35267
35268
35269
35270
35271
35272
35273
35274
35275
35276
35277
35278
35279
35280
35281
35282
35283
35284
35285
35286
35287
35288
35289
35290
35473
35474
35617
35618
35619
35620
35621
35622
35623
35624
35625
35626
35627
35628
35629
35630
35631
35632
35633
35634
35635
35636
35637
35638
35639
35640
35641
35642
35643
35644
35645
35646
35647
35648
35649
35650
35651
35652
35653
35654
35655
35656
35657
35658
35659
35660
35661
35662
35663
35664
35665
35666
35667
35668
35669
35670
35671
35672
35673
35674
35675
35676
35677
35678
35679
35680
35681
35682
35683
35684
35685
35686
35687
35688
35689
35690
35691
35692
35693
35694
35695
35696
35697
35698
35699
35700
35701
35702
35703
35704
35705
35706
35707
35708
35709
35710
35711
35712
35713
35714
35715
35716
35717
35718
35719
35720
35721
35722
35723
35724
35725
35726
35727
35728
35729
35730
35731
35732
35733
35734
35735
35736
35737
35738
35739
35740
35741
35742
35743
35744
35745
35746
35747
35748
35749
35750
35751
35752
35753
35754
35755
35756
35757
35758
35759
35760
35761
35762
35763
35764
35765
35766
35767
35768
35769
35770
35771
35772
35773
35774
35775
35776
35777
35778
35779
35780
35781
35782
35783
35784
35785
35786
35787
35788
35789
35790
35791
35792
35793
35794
35795
35796
35797
35798
35839
35982
35983
35984
35985
35986
35987
35988
35989
35990
35991
35992
35993
35994
35995
35996
35997
35998
35999
36000
36001
36002
36003
36004
36005
36006
36007
36008
36009
36010
36011
36012
36013
36014
36015
36016
36017
36018
36019
36020
36021
36022
36023
36024
36025
36026
36027
36028
36029
36030
36031
36032
36033
36034
36035
36036
36037
36038
36039
36040
36041
36042
36043
36044
36045
36046
36047
36048
36049
36050
36051
36052
36053
36054
36055
36056
36057
36058
36059
36060
36061
36062
36063
36064
36065
36066
36067
36068
36069
36070
36071
36072
36073
36074
36075
36076
36077
36078
36079
36080
36081
36082
36083
36084
36085
36086
36087
36088
36089
36090
36091
36092
36093
36094
36095
36096
36097
36098
36099
36100
36101
36102
36103
36104
36105
36106
36107
36108
36109
36110
36111
36112
36113
36114
36115
36116
36117
36118
36119
36120
36121
36122
36123
36124
36125
36126
36127
36128
36129
36130
36131
36132
36133
36134
36135
36136
36137
36138
36139
36140
36141
36142
36143
36144
36145
36146
36147
36148
36149
36150
36151
36152
36153
36154
36155
36156
36157
36158
36159
36160
36161
36162
36163
36164
36165
36184
36185
36328
36329
36330
36331
36332
36333
36334
36335
36336
36337
36338
36339
36340
36341
36342
36343
36344
36345
36346
36347
36348
36349
36350
36351
36352
36353
36354
36355
36356
36357
36358
36359
36360
36361
36362
36363
36364
36365
36366
36367
36368
36369
36370
36371
36372
36373
36374
36375
36376
36377
36378
36379
36380
36381
36382
36383
36384
36385
36386
36387
36388
36389
36390
36391
36392
36393
36394
36395
36396
36397
36398
36399
36400
36401
36402
36403
36404
36405
36406
36407
36408
36409
36410
36411
36412
36413
36414
36415
36416
36417
36418
36419
36420
36421
36422
36423
36424
36425
36426
36427
36428
36429
36430
36431
36432
36433
36434
36435
36436
36437
36438
36439
36440
36441
36442
36443
36444
36445
36446
36447
36448
36449
36450
36451
36452
36453
36454
36455
36456
36457
36458
36459
36460
36461
36462
36463
36464
36465
36466
36467
36468
36469
36470
36471
36472
36473
36474
36475
36476
36477
36478
36479
36480
36481
36482
36483
36484
36485
36486
36487
36488
36489
36490
36491
36492
36493
36494
36495
36496
36497
36498
36499
36500
36501
36502
36503
36504
36505
36506
36507
36508
36509
36510
36511
36524
36558
36559
36560
36561
36562
36563
36564
36574
36575
36576
36577
36578
36579
36580
36581
36582
36583
36584
36585
36586
36587
36588
36589
36590
36591
36592
36593
36594
36595
36596
36597
36598
36599
36600
36601
36602
36603
36604
36605
36606
36607
36608
36609
36610
36611
36612
36615
36616
36617
36618
36626
36627
36628
36629
36630
36631
36632
36633
36634
36635
36636
36637
36638
36645
36646
36789
36790
36791
36792
36793
36794
36795
36796
36797
36798
36799
36800
36801
36802
36803
36804
36805
36806
36807
36808
36809
36810
36811
36812
36813
36814
36815
36816
36817
36818
36819
36820
36821
36822
36823
36824
36825
36826
36827
36828
36829
36830
36831
36832
36833
36834
36835
36836
36837
36838
36839
36840
36841
36842
36843
36844
36845
36846
36847
36848
36849
36850
36851
36852
36853
36854
36855
36856
36857
36858
36859
36860
36861
36862
36863
36864
36865
36866
36867
36868
36869
36870
36871
36872
36873
36874
36875
36876
36877
36878
36879
36880
36881
36882
36883
36884
36885
36886
36887
36888
36889
36890
36891
36892
36893
36894
36895
36896
36897
36898
36899
36900
36901
36902
36903
36904
36905
36906
36907
36908
36909
36910
36911
36912
36913
36914
36915
36916
36917
36918
36919
36920
36921
36922
36923
36924
36925
36926
36927
36928
36929
36930
36931
36932
36933
36934
36935
36936
36937
36938
36939
36940
36941
36942
36943
36944
36945
36946
36947
36948
36949
36950
36951
36952
36953
36954
36955
36956
36957
36958
36959
36960
36961
36962
36963
36964
36965
36966
36967
36968
36969
36970
36971
36972
36985
36986
37129
37130
37131
37132
37133
37134
37135
37136
37137
37138
37139
37140
37141
37142
37143
37144
37145
37146
37147
37148
37149
37150
37151
37152
37153
37154
37155
37156
37157
37158
37159
37160
37161
37162
37163
37164
37165
37166
37167
37168
37169
37170
37171
37172
37173
37174
37175
37176
37177
37178
37179
37180
37181
37182
37183
37184
37185
37186
37187
37188
37189
37190
37191
37192
37193
37194
37195
37196
37197
37198
37199
37200
37201
37202
37203
37204
37205
37206
37207
37208
37209
37210
37211
37212
37213
37214
37215
37216
37217
37218
37219
37220
37221
37222
37223
37224
37225
37226
37227
37228
37229
37230
37231
37232
37233
37234
37235
37236
37237
37238
37239
37240
37241
37242
37243
37244
37245
37246
37247
37248
37249
37250
37251
37252
37253
37254
37255
37256
37257
37258
37259
37260
37261
37262
37263
37264
37265
37266
37267
37268
37269
37270
37271
37272
37273
37274
37275
37276
37277
37278
37279
37280
37281
37282
37283
37284
37285
37286
37287
37288
37289
37290
37291
37292
37293
37294
37295
37296
37297
37298
37299
37300
37301
37302
37303
37304
37305
37306
37307
37308
37309
37310
37311
37312
37331
37332
37475
37476
37477
37478
37479
37480
37481
37482
37483
37484
37485
37486
37487
37488
37489
37490
37491
37492
37493
37494
37495
37496
37497
37498
37499
37500
37501
37502
37503
37504
37505
37506
37507
37508
37509
37510
37511
37512
37513
37514
37515
37516
37517
37518
37519
37520
37521
37522
37523
37524
37525
37526
37527
37528
37529
37530
37531
37532
37533
37534
37535
37536
37537
37538
37539
37540
37541
37542
37543
37544
37545
37546
37547
37548
37549
37550
37551
37552
37553
37554
37555
37556
37557
37558
37559
37560
37561
37562
37563
37564
37565
37566
37567
37568
37569
37570
37571
37572
37573
37574
37575
37576
37577
37578
37579
37580
37581
37582
37583
37584
37585
37586
37587
37588
37589
37590
37591
37592
37593
37594
37595
37596
37597
37598
37599
37600
37601
37602
37603
37604
37605
37606
37607
37608
37609
37610
37611
37612
37613
37614
37615
37616
37617
37618
37619
37620
37621
37622
37623
37624
37625
37626
37627
37628
37629
37630
37631
37632
37633
37634
37635
37636
37637
37638
37639
37640
37641
37642
37643
37644
37645
37646
37647
37648
37649
37650
37651
37652
37653
37654
37655
37656
37657
37658
37671
37705
37706
37707
37708
37709
37710
37711
37721
37722
37723
37724
37725
37726
37727
37728
37729
37730
37731
37732
37733
37734
37735
37736
37737
37738
37739
37740
37741
37742
37743
37744
37745
37746
37747
37748
37749
37750
37751
37752
37753
37754
37755
37756
37757
37758
37759
37762
37763
37764
37765
37773
37774
37775
37776
37777
37778
37779
37780
37781
37782
37783
37784
37785
37792
37795
37796
39958
39959
39960
39961
39962
39963
39964
39965
40218
40219
1807
2304
2580
2698
3434
3435
3436
3437
3438
3439
3440
3441
3442
3443
3444
3445
3446
3447
3448
3449
3450
3451
3452
3453
3454
3455
3456
3457
3458
3459
3460
3461
3462
3463
3503
3504
3505
3506
3507
3509
3510
3511
3512
3513
3514
3515
3516
3517
3518
3519
3520
3521
3522
3523
3524
3525
3526
3527
3528
3529
3530
3531
3532
3533
3534
3535
3536
3537
3538
3539
3540
3541
3542
3543
3544
3988
3989
3990
3991
3992
3993
3994
4000
4001
4002
4003
4004
4005
4007
4011
4012
4015
4016
4043
4199
4212
4226
4227
4228
4229
4230
4231
4232
4233
4443
4452
4453
4454
4455
4456
4457
4546
4636
4637
4638
4639
4640
4641
4642
4643
4644
4645
4646
4647
4679
4713
4714
6131
6132
6133
6134
6135
6136
6137
6138
6139
6140
6141
6142
6143
6144
6145
6146
6147
6148
6149
6150
6151
6152
6153
6154
6155
6156
6157
6158
6159
6160
6161
6162
6163
6164
6165
6166
6227
6228
6229
6230
6235
6236
6237
6296
6297
6298
6299
6300
6301
6302
6303
6304
6305
6306
6307
6308
6309
6310
6311
6312
6313
6314
6315
6316
6317
6318
6319
6320
6321
6322
6323
6324
6325
6326
6327
6328
6329
6330
6331
6332
6333
6334
6335
6350
6358
6359
6360
6367
6374
6375
6376
6377
6378
6379
6381
6383
6384
6386
6387
6388
6389
6390
6430
6473
6510
6511
6560
6576
7226
7540
7541
7806
7807
7808
7809
7810
7811
7812
7813
7814
7815
7816
7817
7818
7819
7824
7825
7826
7916
7925
7931
7937
7939
8079
10484
10555
10569
10630
10631
10632
10633
10634
10635
10715
10722
10867
10869
10872
10873
10875
10876
10877
10887
10888
10889
10899
10900
10901
10926
10927
10928
10929
10930
10931
10932
10933
10934
10935
10936
10937
10938
10939
10940
10941
10942
10943
10944
10945
10946
10947
10948
10949
10950
10951
10952
10953
10954
10955
10956
10957
10988
11169
11170
11171
11300
11301
11302
11303
11405
11406
11420
11421
11422
11428
11429
11430
11431
11432
11433
11434
11435
11436
11437
11438
11439
11440
11441
11442
11443
11444
11445
11446
11447
11448
11449
11450
11451
11452
11453
11454
11455
11456
11457
11458
11459
11460
11461
11462
11463
11464
11465
11466
11467
11468
11469
11470
11471
11472
11473
11474
11475
11476
11477
11478
11479
11480
11481
11482
11483
11486
11488
11493
11494
11495
11496
11497
11498
11499
11500
11501
11502
11503
11504
11505
11506
11507
11508
11509
11510
11511
11512
11513
11514
11515
11516
11517
11518
11537
11538
11539
11540
11541
11542
11543
11544
11545
11547
11676
11677
11678
11679
11681
11742
11743
11767
11926
11955
11957
11958
11959
11960
11961
12004
12005
12006
12023
12024
12025
12026
12027
12028
12045
13306
13307
13312
13313
13314
13315
13316
13318
13319
13320
13321
13322
13323
13324
13325
13326
13327
13328
13329
13330
13331
13332
13333
13334
13335
13336
13337
13338
13339
13343
13347
13350
13354
13355
13377
13476
13484
13485
13486
13503
13504
13505
13506
13507
13508
13509
13510
13511
13512
13513
13514
13515
13516
13518
13521
13524
13525
13528
13531
13532
13533
13534
13535
13536
13537
13538
13539
13593
13612
13613
13614
13615
13616
13617
13882
13898
13899
13900
13901
13903
13904
13905
13911
13912
13999
14000
14001
14002
14003
14004
14242
14243
14244
14435
14436
14437
14438
14576
14577
14578
14579
14661
14662
14663
14664
14808
14809
14810
14811
14949
14950
14951
14952
15090
15091
15092
15093
15231
15232
15233
15234
15672
15676
15677
15782
15819
15820
15821
15822
15823
15824
15843
15865
15866
15868
16298
16302
16368
16369
16370
16371
16372
16373
16374
16375
16376
16377
16378
16432
16433
16434
16435
16436
16453
16500
16501
16503
16504
16505
16506
16507
16508
16511
16512
16513
16514
16515
16516
16517
16518
16519
16520
16521
16522
16523
16524
16525
16527
16549
16550
16551
17075
17076
17077
17829
17832
17888
18276
18283
18285
18306
18385
18386
18414
18416
18749
18750
18752
18753
18754
18755
18756
18769
18770
18771
18772
18794
18797
18798
18799
18818
18819
18820
18821
18822
18823
18824
18825
18826
18827
18840
18848
18849
18884
18885
18886
18887
18888
18889
18890
18904
18905
18910
18911
18928
18929
19054
19058
19059
19060
19061
19062
19063
19064
19065
19066
19067
19068
19069
19079
19081
19082
19087
19110
19112
19113
19114
19115
19124
19125
19127
19128
19129
19130
19228
19229
19230
19232
19240
19252
19254
19257
19258
19259
19263
19264
19297
19315
19316
19325
19326
19327
19348
19349
19418
19425
19426
19427
19428
19429
19430
19431
19432
19433
19434
19436
19437
19438
19439
19440
19441
19442
19496
19509
19510
19524
19526
19552
19553
19554
19555
19556
19557
19558
19560
19564
19613
19614
19615
19616
19676
19680
19681
19708
19709
19710
19711
19712
19713
20090
20096
20097
20108
20109
20128
20129
20130
20131
20132
20133
20134
20135
20136
20137
20138
20139
20140
20141
20142
20143
20144
20145
20146
20147
20148
20149
20150
20151
20152
20153
20154
20155
20156
20157
20158
20159
20160
20161
20162
20163
20282
20284
20460
20471
20472
20473
20474
20475
20476
20480
20482
20488
20489
20490
20491
20495
20496
20497
20498
20499
20500
20508
20509
20511
20512
20532
20533
20534
20561
21118
21153
21189
21194
21199
21200
21208
21209
21210
21212
21230
21231
21232
21233
21234
21235
21236
21237
21238
21239
21240
21241
21242
21243
21247
21250
21251
21252
21253
21254
21255
21257
21258
21259
21260
21261
21262
21276
21277
21283
21284
21285
21286
21335
21336
21337
21345
21511
21512
21513
21514
21515
21516
21517
21518
21519
21520
21600
21601
21602
21603
21604
21605
21606
21607
21608
21609
21610
21611
21612
21613
21614
21615
21616
21617
21618
21655
21656
21657
21696
21697
21738
21739
21740
21741
21742
21743
21744
21747
21748
21749
21752
21753
21773
21776
21777
21778
21779
21780
21781
21782
21783
21784
21785
21786
21787
21788
21789
21790
21791
21793
21794
21795
21796
21797
21798
21799
21800
21801
21802
21803
21804
21805
21806
21807
21808
21809
21810
21811
21812
21813
21814
21815
21816
21817
21818
21819
21820
21821
21822
21823
21824
21825
21826
21827
21828
21829
21830
21831
21832
21833
21834
21835
21836
21837
21838
21839
21840
21841
21842
21843
21844
21845
21846
21847
21848
21849
21850
21851
21852
21853
21854
21855
21856
21857
21858
21859
21860
21861
21862
21863
21864
21865
21866
21867
21868
21869
21870
21871
21872
21873
21874
21875
21876
21877
21878
21879
21880
21881
22000
22001
22002
22003
22004
22005
22013
22014
22015
22016
22050
22051
22052
22070
22073
22074
22075
22076
22077
22078
22079
22080
22081
22082
22083
22084
22085
22086
22105
22111
22112
22115
22116
22117
22118
22119
22120
22121
22126
22127
22140
22343
22391
22421
22422
22423
22424
22425
22426
22431
22432
22433
22434
22435
22436
22437
22455
22456
22484
22496
22497
22498
22499
22500
22502
22503
22504
22505
22506
22507
22508
22509
22510
22511
22512
22513
22514
22515
22516
22517
22518
22519
22520
22521
22522
22523
22524
22525
22526
22527
22528
22529
22530
22531
22532
22533
22534
22535
22536
22537
22538
22539
22540
22541
22542
22543
22544
22545
22546
22547
22548
22549
22550
22551
22552
22553
22554
22555
22556
22557
22558
22559
22560
22561
22562
22563
22564
22565
22566
22567
22568
22569
22570
22571
22572
22573
22574
22575
22576
22577
22578
22579
22580
22581
22582
22583
22584
22585
22586
22587
22588
22589
22590
22591
22592
22593
22594
22595
22596
22597
22598
22599
22600
22601
22602
22603
22604
22605
22606
22607
22608
22609
22610
22611
22612
22613
22614
22615
22616
22617
22618
22619
22620
22621
22622
22623
22624
22625
22626
22627
22628
22629
22630
22631
22632
22633
22634
22635
22636
22637
22638
22639
22640
22641
22642
22643
22644
22645
22646
22647
22648
22649
22650
22651
22652
22653
22654
22655
22656
22657
22658
22659
22660
22661
22662
22663
22664
22665
22666
22667
22668
22669
22670
22671
22672
22673
22674
22675
22676
22677
22678
22679
22680
22681
22682
22683
22684
22685
22686
22687
22688
22689
22690
22691
22692
22693
22694
22695
22696
22697
22698
22699
22700
22701
22702
22703
22704
22705
22706
22707
22708
22709
22710
22711
22712
22713
22714
22715
22716
22717
22718
22719
22720
22721
22722
22723
22724
22725
22726
22727
22728
22729
22730
22731
22732
22733
22734
22735
22736
22737
22738
22739
22740
22741
22742
22743
22744
22745
22746
22747
22748
22749
22750
22751
22752
22753
22754
22755
22756
22757
22758
22759
22760
22761
22762
22763
22764
22765
22766
22767
22768
22769
22770
22771
22772
22773
22774
22775
22776
22777
22778
22779
22780
22781
22782
22783
22784
22785
22786
22787
22788
22789
22790
22791
22792
22793
22794
22795
22796
22797
22798
22799
22800
22801
22802
22803
22804
22805
22806
22807
22808
22809
22810
22811
22812
22813
22814
22815
22816
22817
22818
22819
22820
22821
22822
22823
22824
22825
22826
22827
22828
22829
22830
22831
22832
22833
22834
22835
22836
22837
22838
22839
22840
22841
22842
22843
22844
22845
22846
22847
22848
22849
22850
22851
22852
22853
22854
22855
22856
22857
22858
22859
22860
22861
22862
22863
22864
22865
22866
22867
22868
22869
22870
22871
22872
22873
22874
22875
22876
22877
22878
22879
22880
22881
22882
22883
22884
22885
22886
22887
22888
22889
22890
22891
22892
22893
22894
22895
22896
22897
22898
22899
22900
22901
22902
22903
22904
22991
23018
23121
23122
23124
23143
23144
23146
23147
23148
23149
23150
23151
23152
23153
23154
23155
23156
23157
23158
23159
23160
23162
23163
23181
23187
23212
23214
23217
23293
23295
23311
23312
23332
23336
23337
23344
23352
23353
23360
23362
23363
23421
23422
23423
23426
23428
23429
23430
23877
23888
23889
23890
23903
23914
24010
24015
24016
24017
24018
24019
24020
24021
24031
24032
24033
24034
24035
24036
24037
24038
24039
24040
24041
24042
24043
24044
24045
24046
24047
24048
24049
24050
24051
24052
24053
24054
24064
24065
24066
24067
24068
24069
24070
24071
24072
24073
24074
24075
24076
24077
24078
24079
24080
24081
24082
24083
24084
24085
24086
24087
24088
24107
24108
24109
24110
24111
24112
24113
24114
24115
24116
24117
24118
24119
24120
24121
24122
24123
24125
24126
24127
24128
24129
24130
24131
24132
24141
24142
24143
24144
24145
24146
24147
24148
24149
24150
24151
24152
24153
24154
24155
24156
24157
24158
24159
24160
24161
24162
24163
24164
24165
24166
24167
24168
24169
24170
24171
24172
24173
24174
24176
24180
24182
24183
24185
24186
24193
24196
24201
24203
24204
24205
24206
24207
24208
24209
24210
24211
24212
24213
24214
24215
24216
24217
24218
24219
24220
24221
24222
24223
24224
24225
24226
24227
24228
24229
24230
24231
24232
24233
24234
24235
24236
24237
24274
24275
24276
24277
24278
24279
24282
24300
24308
24339
24340
24341
24342
24343
24344
24346
24347
24348
24349
24350
24351
24352
24353
24354
24355
24356
24357
24358
24359
24360
24361
24362
24363
24364
24365
24366
24367
24368
24369
24370
24371
24372
24373
24374
24375
24376
24377
24378
24379
24380
24381
24382
24383
24384
24385
24386
24387
24388
24389
24390
24391
24392
24393
24394
24395
24396
24397
24398
24399
24400
24401
24402
24403
24404
24405
24406
24407
24408
24409
24410
24411
24412
24413
24414
24415
24416
24417
24418
24419
24420
24421
24422
24423
24424
24425
24426
24427
24428
24429
24430
24431
24432
24433
24434
24435
24436
24437
24438
24439
24440
24441
24442
24443
24444
24445
24446
24447
24448
24449
24450
24451
24452
24453
24454
24455
24456
24457
24458
24459
24460
24461
24462
24463
24464
24465
24466
24467
24468
24469
24470
24471
24472
24473
24474
24475
24476
24477
24478
24479
24480
24481
24482
24483
24484
24485
24486
24487
24488
24489
24490
24491
24492
24493
24494
24495
24496
24497
24498
24499
24500
24501
24502
24503
24504
24505
24506
24507
24508
24509
24510
24511
24512
24513
24514
24515
24516
24517
24518
24519
24520
24521
24522
24523
24524
24525
24526
24527
24528
24529
24530
24531
24532
24533
24534
24535
24536
24537
24538
24539
24540
24541
24542
24543
24544
24545
24546
24547
24548
24549
24550
24551
24552
24553
24554
24555
24556
24557
24558
24559
24560
24561
24562
24563
24564
24565
24566
24567
24568
24569
24570
24571
24572
24573
24574
24575
24576
24577
24578
24579
24580
24581
24582
24583
24584
24585
24586
24587
24588
24589
24590
24591
24592
24593
24594
24595
24596
24597
24598
24599
24600
24601
24602
24603
24604
24605
24606
24607
24608
24609
24610
24611
24612
24613
24614
24615
24616
24617
24618
24619
24620
24621
24622
24623
24624
24625
24626
24627
24628
24629
24630
24631
24632
24633
24634
24642
24643
24650
24652
24653
24654
24655
24656
24657
24658
24659
24660
24661
24708
24751
24773
24774
24775
24778
24779
24780
24781
24902
24903
24904
24919
24920
24921
24922
24923
24924
24925
24993
24998
24999
25000
25013
25014
25015
25016
25017
25018
25019
25020
25021
25022
25023
25024
25025
25026
25027
25028
25029
25030
25031
25032
25033
25034
25035
25036
25037
25038
25039
25040
25041
25042
25043
25044
25045
25046
25047
25048
25049
25050
25051
25052
25053
25054
25055
25056
25057
25058
25059
25060
25061
25063
25064
25065
25066
25067
25068
25069
25071
25072
25073
25074
25075
25076
25077
25078
25079
25080
25081
25082
25083
25084
25085
25086
25087
25088
25089
25090
25091
25092
25093
25094
25095
25096
25097
25098
25099
25100
25101
25102
25103
25105
25106
25107
25108
25109
25110
25111
25117
25118
25121
25122
25123
25124
25159
25234
25264
25265
25279
25290
25291
25292
25293
25294
25295
25296
25297
25302
25305
25306
25307
25311
25312
25313
25315
25323
25324
25334
25335
25336
25337
25354
25355
25356
25357
25358
25359
25360
25361
25384
25385
25386
25387
25388
25389
25415
25417
25418
25421
25422
25439
25440
25591
25592
25593
25594
25595
25596
25614
25720
25721
25722
25723
25724
25725
25726
25727
25728
25729
25730
25731
25732
25735
25736
25741
25745
25749
25750
25752
25753
25754
25755
26115
26116
26117
26118
26282
26283
26284
26285
26402
26403
26404
26405
26569
26570
26571
26572
26736
26737
26738
26739
26909
26910
26911
26912
27076
27077
27078
27079
27150
27261
27262
27263
27264
27441
27442
27443
27444
27492
27493
27494
27495
27496
27497
27683
27684
27685
27686
27851
27852
27853
27854
28021
28022
28023
28024
28194
28195
28196
28197
28361
28362
28363
28364
28556
28557
28558
28559
28560
28561
28573
28587
28588
28605
28606
28607
28690
28691
28692
28700
28703
29017
29901
29902
29992
29993
29994
29995
29996
29997
30163
30988
30989
30990
30991
30997
31279
31282
31284
31285
31297
31300
31380
31381
31382
31383
31463
31464
31465
31466
31467
31468
31469
31470
31471
31472
31473
31474
31475
31476
31477
31478
31479
31480
31481
31482
31483
31484
31485
31486
31487
31493
31494
31495
31496
31497
31498
31499
31500
31501
31502
31623
31624
31774
31775
31776
31777
31778
31779
31780
31781
31782
31783
31784
31785
31799
31800
31801
31802
31803
31804
31843
31844
31855
31870
31884
31885
31886
31887
31888
31889
31890
31891
31892
31893
31894
31895
31896
31897
31898
31899
31900
31901
31902
31903
31904
31905
31906
31907
31908
31909
31910
31911
31912
31913
31914
31915
31916
31917
31918
31919
31920
31921
31922
31923
31924
31925
31926
31927
31928
31929
31930
31931
31932
31933
31934
31935
31936
31937
31938
31939
31940
31941
31942
31943
31944
31945
31947
31948
31949
31950
31951
31952
31953
31954
31955
31956
31957
31958
31959
31960
31961
31962
31964
31965
31966
31967
31968
31969
31970
31971
31972
31973
31974
31975
31976
31977
31978
31979
31980
31981
31982
31983
31984
31986
31987
31988
31989
31990
31991
31992
32008
32009
32010
32011
32012
32013
32014
32081
32094
32097
32098
32099
32105
32108
32109
32110
32118
32123
32169
32170
32193
32194
32195
32301
32302
32303
32304
32305
32306
32307
32308
32309
32310
32311
32312
32313
32314
32315
32316
32317
32318
32319
32320
32321
32322
32323
32324
32325
32326
32327
32328
32329
32330
32331
32332
32333
32334
32335
32336
32337
32338
32339
32340
32341
32342
32343
32344
32345
32346
32347
32348
32349
32350
32351
32352
32353
32354
32355
32356
32357
32358
32359
32360
32361
32362
32363
32364
32365
32366
32367
32368
32369
32370
32371
32372
32373
32374
32375
32376
32377
32378
32379
32380
32381
32382
32383
32384
32385
32386
32387
32388
32389
32390
32391
32392
32393
32394
32395
32396
32397
32398
32399
32400
32401
32402
32403
32404
32405
32406
32407
32408
32409
32410
32411
32412
32413
32414
32415
32416
32417
32418
32419
32420
32421
32422
32423
32424
32425
32426
32427
32428
32429
32430
32431
32432
32433
32434
32435
32436
32437
32438
32439
32440
32441
32442
32443
32444
32445
32446
32447
32448
32449
32450
32451
32452
32453
32454
32455
32456
32457
32458
32459
32460
32461
32462
32513
32514
32515
32516
32517
32518
32519
32520
32521
32592
32597
32605
32606
32607
32608
32692
32711
32913
32915
32928
32929
32930
32931
32932
32933
32944
32945
32946
32947
32948
32949
32975
32976
32977
32978
32979
32980
32981
32982
32983
32984
32985
32986
32987
32988
32989
32990
32991
32992
32995
32996
33003
33010
33011
33012
33013
33014
33015
33016
33017
33019
33020
33021
33022
33025
33026
33027
33028
33029
33030
33031
33032
33055
33120
33121
33122
33123
33125
33146
33156
33184
33185
33186
33187
33188
33189
33190
33191
33192
33193
33194
33195
33196
33197
33198
33199
33200
33201
33208
33280
33284
33286
33287
33288
33289
33290
33291
33302
33406
33448
33522
33530
33531
33548
33631
33649
33650
33651
33652
33653
33654
33685
33691
33705
33707
33809
33812
33813
33822
33823
33918
33919
33920
33921
33922
33923
33924
33925
33926
33927
33928
33929
33930
33931
33932
33933
33934
33935
33936
33937
33938
33939
33940
33941
33942
33943
33944
33945
33946
33947
33948
33949
33950
33951
33952
33953
33954
33955
33956
33957
33958
33959
33960
33961
33962
33963
33964
33965
33966
33967
33968
33969
33970
33971
33972
33973
33974
33975
33976
33977
33978
33979
33980
33988
34003
34004
34005
34006
34007
34008
34072
34073
34074
34075
34076
34077
34102
34103
34749
34750
34751
34752
34753
34754
34755
34756
34757
34940
34942
34943
34944
34945
34946
34947
35130
35131
35132
35133
35134
35135
35136
35137
35138
35139
35140
35141
35142
35143
35144
35145
35146
35147
35148
35149
35150
35151
35152
35153
35154
35155
35156
35157
35158
35159
35204
35205
35206
35207
35208
35209
35332
35333
35335
35336
35338
35339
35358
35359
35439
35445
35446
35447
35448
35449
35450
35451
35452
35453
38204
39916
39917
39918
39919
39920
39921
39925
39926
40098
40099
40124
40208
40209
40210
40211
40212
40213
40224
40272
40491
40492
40493
40494
40495
40496
40497
40498
40499
35466
35458
35454
35459
35468
35455
35460
35456
35461
35467
35457
35462
40507
40502
40508
40503
40510
40511
40504
40512
40509
40506
40505
40773
40774
40775
40776
40777
40778
40779
40780
40781
40782
40783
40784
40785
40786
40787
40788
40789
40790
40791
40792
40793
40794
40795
40796
40797
40798
40799
40800
40801
40802
40803
40804
40805
40806
40807
40808
40809
40810
40811
40812
40813
40814
40815
40816
40817
40818
40819
40820
40821
40822
40823
40824
40825
40827
40828
40829
40830
40831
40832
40833
40834
40835
40836
40837
40838
40839
40840
40841
40842
40843
40844
40922
40977
40962
41132
41164
41176
41390
41668
41669
41511
42150
42355
42356
42353
42344
42358
42359
42352
42401
42402
42403
42404
42821
42834
42835
42565
42566
42567
42568
42570
42571
42650
42651
42652
42653
42654
42655
42771
42772
42773
42787
42788
42789
42790
42791
42792
42803
42804
42805
42806
42807
42808
42834
42835
42836
42838
42839
42840
42869
42870
42871
42872
42873
42874
42881
42884
42886
40645
40646
40647
40648
40649
40650
40651
40652
40653
40654
40655
40656
40657
40658
40659
40660
40661
40662
40663
40664
40665
40666
40667
40668
40669
40670
40671
40672
40673
40674
40675
40676
40677
40678
40679
40680
40681
40682